//SERISE BLINK BY(ARRY)(+,-)(52)
//{ 0,0,0,0,0,0,0,0,0,0,0,0,0,0,0,0,0,0 },
int n[52][18] ={{ 1,0,0,0,0,0,0,0,0,0,0,0,0,0,0,0,0,0 },  
                { 0,1,0,0,0,0,0,0,0,0,0,0,0,0,0,0,0,0 },   
                { 0,0,1,0,0,0,0,0,0,0,0,0,0,0,0,0,0,0 },   
                { 0,0,0,1,0,0,0,0,0,0,0,0,0,0,0,0,0,0 },  
                { 0,0,0,0,1,0,0,0,0,0,0,0,0,0,0,0,0,0 }, 
                { 0,0,0,0,0,1,0,0,0,0,0,0,0,0,0,0,0,0 },  
                { 0,0,0,0,0,0,1,0,0,0,0,0,0,0,0,0,0,0 },  
                { 0,0,0,0,0,0,0,1,0,0,0,0,0,0,0,0,0,0 },   
                { 0,0,0,0,0,0,0,0,1,0,0,0,0,0,0,0,0,0 },   
                { 0,0,0,0,0,0,0,0,0,1,0,0,0,0,0,0,0,0 },
                { 0,0,0,0,0,0,0,0,0,0,1,0,0,0,0,0,0,0 },
                { 0,0,0,0,0,0,0,0,0,0,0,1,0,0,0,0,0,0 },
                { 0,0,0,0,0,0,0,0,0,0,0,0,1,0,0,0,0,0 },
                { 0,0,0,0,0,0,0,0,0,0,0,0,0,1,0,0,0,0 },
                { 0,0,0,0,0,0,0,0,0,0,0,0,0,0,1,0,0,0 },
                { 0,0,0,0,0,0,0,0,0,0,0,0,0,0,0,1,0,0 },
                { 0,0,0,0,0,0,0,0,0,0,0,0,0,0,0,0,1,0 },
                { 0,0,0,0,0,0,0,0,0,0,0,0,0,0,0,0,0,1 }/*18*/,
                { 0,0,0,0,0,0,0,0,0,0,0,0,0,0,0,0,1,0 },  
                { 0,0,0,0,0,0,0,0,0,0,0,0,0,0,0,1,0,0 },   
                { 0,0,0,0,0,0,0,0,0,0,0,0,0,0,1,0,0,0 },   
                { 0,0,0,0,0,0,0,0,0,0,0,0,0,1,0,0,0,0 },  
                { 0,0,0,0,0,0,0,0,0,0,0,0,1,0,0,0,0,0 }, 
                { 0,0,0,0,0,0,0,0,0,0,0,1,0,0,0,0,0,0 },  
                { 0,0,0,0,0,0,0,0,0,0,1,0,0,0,0,0,0,0 },  
                { 0,0,0,0,0,0,0,0,0,1,0,0,0,0,0,0,0,0 },   
                { 0,0,0,0,0,0,0,0,1,0,0,0,0,0,0,0,0,0 },   
                { 0,0,0,0,0,0,0,1,0,0,0,0,0,0,0,0,0,0 },
                { 0,0,0,0,0,0,1,0,0,0,0,0,0,0,0,0,0,0 },
                { 0,0,0,0,0,1,0,0,0,0,0,0,0,0,0,0,0,0 },
                { 0,0,0,0,1,0,0,0,0,0,0,0,0,0,0,0,0,0 },
                { 0,0,0,1,0,0,0,0,0,0,0,0,0,0,0,0,0,0 },
                { 0,0,1,0,0,0,0,0,0,0,0,0,0,0,0,0,0,0 },
                { 0,1,0,0,0,0,0,0,0,0,0,0,0,0,0,0,0,0 },
                { 1,0,0,0,0,0,0,0,0,0,0,0,0,0,0,0,0,1 },
                { 0,1,0,0,0,0,0,0,0,0,0,0,0,0,0,0,1,0 }/*36*/,  
                { 0,0,1,0,0,0,0,0,0,0,0,0,0,0,0,1,0,0 },   
                { 0,0,0,1,0,0,0,0,0,0,0,0,0,0,1,0,0,0 },   
                { 0,0,0,0,1,0,0,0,0,0,0,0,0,1,0,0,0,0 },  
                { 0,0,0,0,0,1,0,0,0,0,0,0,1,0,0,0,0,0 }, 
                { 0,0,0,0,0,0,1,0,0,0,0,1,0,0,0,0,0,0 },  
                { 0,0,0,0,0,0,0,1,0,0,1,0,0,0,0,0,0,0 },  
                { 0,0,0,0,0,0,0,0,1,1,0,0,0,0,0,0,0,0 },   
                { 0,0,0,0,0,0,0,0,1,1,0,0,0,0,0,0,0,0 },   
                { 0,0,0,0,0,0,0,1,0,0,1,0,0,0,0,0,0,0 },
                { 0,0,0,0,0,0,1,0,0,0,0,1,0,0,0,0,0,0 },
                { 0,0,0,0,0,1,0,0,0,0,0,0,1,0,0,0,0,0 },
                { 0,0,0,0,1,0,0,0,0,0,0,0,0,1,0,0,0,0 },
                { 0,0,0,1,0,0,0,0,0,0,0,0,0,0,1,0,0,0 },
                { 0,0,1,0,0,0,0,0,0,0,0,0,0,0,0,1,0,0 },
                { 0,1,0,0,0,0,0,0,0,0,0,0,0,0,0,0,1,0 },
                { 1,0,0,0,0,0,0,0,0,0,0,0,0,0,0,0,0,1 }/*52*/};                                       
int p,r,c;
void setup() 
{ 
for(p=2;p<=19;p++)
  {pinMode(p, OUTPUT);}    
}
void loop() 
{
  for(r=0;r<52;r++)
{ for(c=0;c<18;c++)
{ digitalWrite(c+2,n[r][c]);}
  delay(100);
}
}