//SERISE BLINK BY(ARRY)(-)(18~~~0)
//{ 0,0,0,0,0,0,0,0,0,0,0,0,0,0,0,0,0,0 },
int p,r,c,H=0,n[18][18] ={{ 1,0,0,0,0,0,0,0,0,0,0,0,0,0,0,0,0,0 },  
                { 0,1,0,0,0,0,0,0,0,0,0,0,0,0,0,0,0,0 },   
                { 0,0,1,0,0,0,0,0,0,0,0,0,0,0,0,0,0,0 },   
                { 0,0,0,1,0,0,0,0,0,0,0,0,0,0,0,0,0,0 },  
                { 0,0,0,0,1,0,0,0,0,0,0,0,0,0,0,0,0,0 }, 
                { 0,0,0,0,0,1,0,0,0,0,0,0,0,0,0,0,0,0 },  
                { 0,0,0,0,0,0,1,0,0,0,0,0,0,0,0,0,0,0 },  
                { 0,0,0,0,0,0,0,1,0,0,0,0,0,0,0,0,0,0 },   
                { 0,0,0,0,0,0,0,0,1,0,0,0,0,0,0,0,0,0 },   
                { 0,0,0,0,0,0,0,0,0,1,0,0,0,0,0,0,0,0 },
                { 0,0,0,0,0,0,0,0,0,0,1,0,0,0,0,0,0,0 },
                { 0,0,0,0,0,0,0,0,0,0,0,1,0,0,0,0,0,0 },
                { 0,0,0,0,0,0,0,0,0,0,0,0,1,0,0,0,0,0 },
                { 0,0,0,0,0,0,0,0,0,0,0,0,0,1,0,0,0,0 },
                { 0,0,0,0,0,0,0,0,0,0,0,0,0,0,1,0,0,0 },
                { 0,0,0,0,0,0,0,0,0,0,0,0,0,0,0,1,0,0 },
                { 0,0,0,0,0,0,0,0,0,0,0,0,0,0,0,0,1,0 },
                { 0,0,0,0,0,0,0,0,0,0,0,0,0,0,0,0,0,1 }};                                       
void setup() 
{ 
for(p=2;p<=19;p++)
  {pinMode(p, OUTPUT);}    
}
void loop() 
{
  for(r=17;r>=H;r--)
{ for(c=0;c<18;c++)
{ digitalWrite(c+2,n[r][c]);}
  delay(50);
}++H;if (H==17)
{
 H=0;
}
}
