///SERISE BLINK BY(ARRY)(+)(0~~~18)
//{ 0,0,0,0,0,0,0,0,0,0,0,0,0,0,0,0,0,0 },
int p,r,c,H=17,n[18][18] ={{ 1,0,0,0,0,0,0,0,0,0,0,0,0,0,0,0,0,0 },  
                { 0,1,0,0,0,0,0,0,0,0,0,0,0,0,0,0,0,0 },   
                { 0,0,1,0,0,0,0,0,0,0,0,0,0,0,0,0,0,0 },   
                { 0,0,0,1,0,0,0,0,0,0,0,0,0,0,0,0,0,0 },  
                { 0,0,0,0,1,0,0,0,0,0,0,0,0,0,0,0,0,0 }, 
                { 0,0,0,0,0,1,0,0,0,0,0,0,0,0,0,0,0,0 },  
                { 0,0,0,0,0,0,1,0,0,0,0,0,0,0,0,0,0,0 },  
                { 0,0,0,0,0,0,0,1,0,0,0,0,0,0,0,0,0,0 },   
                { 0,0,0,0,0,0,0,0,1,0,0,0,0,0,0,0,0,0 },   
                { 0,0,0,0,0,0,0,0,0,1,0,0,0,0,0,0,0,0 },
                { 0,0,0,0,0,0,0,0,0,0,1,0,0,0,0,0,0,0 },
                { 0,0,0,0,0,0,0,0,0,0,0,1,0,0,0,0,0,0 },
                { 0,0,0,0,0,0,0,0,0,0,0,0,1,0,0,0,0,0 },
                { 0,0,0,0,0,0,0,0,0,0,0,0,0,1,0,0,0,0 },
                { 0,0,0,0,0,0,0,0,0,0,0,0,0,0,1,0,0,0 },
                { 0,0,0,0,0,0,0,0,0,0,0,0,0,0,0,1,0,0 },
                { 0,0,0,0,0,0,0,0,0,0,0,0,0,0,0,0,1,0 },
                { 0,0,0,0,0,0,0,0,0,0,0,0,0,0,0,0,0,1 }};                                       
void setup() 
{ 
for(p=2;p<=19;p++)
  {pinMode(p, OUTPUT);}    
}
void loop() 
{
  for(r=0;r<=H;r++)
{ for(c=0;c<18;c++)
{ digitalWrite(c+2,n[r][c]);}
  delay(100);
}--H;if(H==1){H=17;}
}